
5761 206 
6142 206 
6318 199 
5916 220 
6207 214 
6477 196 
5666 233 
5724 237 0-81-79-82-78-49-38-39-40-44-45-156-34-33-23-24-15-159-16-17-112-132-133-169-111-113-116-118-103-104-130-139-140-141-134-164-127-126-125-162-123-101-98-95-96-163-88-153-35-41-155-48-170-117-119-124-128-131-3-6-142-149-161-152-115-105-99-94-92-87-86-10-76-74-19-51-52-53-43-55-42-31-30-25-150-5-110-108-69-167-70-154-89-90-91-106-97-165-114-109-107-100-102-120-121-122-147-148-143-138-135-136-137-129-146-145-144-14-13-21-37-50-59-61-65-64-57-62-68-85-71-4-7-8-166-93-83-84-67-66-63-56-54-58-60-75-20-22-160-151-9-2-1-77-73-11-12-18-29-28-27-26-32-158-36-157-46-47-168-72-80-0
6341 235 
6289 235 
