
6709 17  
7074 117 
7017 8 
6548 21 0-55-58-61-69-86-85-7-8-17-36-157-41-42-57-62-63-54-59-82-79-107-105-98-95-165-104-114-4-9-110-108-83-84-67-66-46-48-73-115-116-119-120-103-164-127-118-166-71-39-38-35-34-43-56-64-65-89-90-88-153-154-96-135-136-146-145-93-92-91-94-106-97-131-80-78-72-74-11-10-18-19-37-12-13-22-26-27-28-30-156-51-52-53-44-155-158-32-21-29-31-33-40-45-47-49-170-168-1-113-130-140-6-76-75-20-24-149-161-152-14-15-159-16-23-25-150-160-151-141-142-148-144-143-147-137-138-139-60-68-167-70-87-50-77-2-3-5-133-169-109-163-99-100-101-123-162-122-121-102-117-124-129-112-132-134-126-125-128-111-81-0
7228 127 
7019 16 
7302 22 
7175 238 
7161 109 
6977 21 

0-111-112-135-137-147-148-144-140-141-6-160-150-25-26-27-28-20-170-73-2-4-9-142-136-146-145-143-149-161-152-151-14-13-59-60-63-64-56-42-39-38-37-75-10-76-74-19-168-72-61-66-65-88-89-90-98-95-91-154-153-87-71-50-11-12-18-21-29-30-31-33-35-34-156-40-55-54-58-57-62-68-67-167-70-86-166-107-114-164-7-8-17-22-23-24-15-159-16-32-158-36-157-41-155-46-47-49-3-5-133-169-78-82-79-80-81-110-92-94-96-127-126-125-129-128-51-52-53-43-44-45-48-77-1-109-106-105-163-99-101-100-102-103-118-119-120-122-123-162-121-124-138-139-134-113-115-116-117-104-108-83-84-69-85-93-97-165-130-131-132-0
4988

0-1-2-77-73-170-49-50-51-52-53-43-55-54-58-59-60-61-68-67-69-167-70-87-85-86-83-84-71-66-63-64-56-57-62-65-88-153-154-89-90-91-94-96-97-98-95-92-93-108-166-107-106-105-165-163-99-100-102-103-117-118-119-120-121-122-123-162-101-104-114-110-109-113-164-127-126-125-124-129-128-130-131-132-133-134-6-7-8-9-10-76-74-75-11-12-18-19-20-21-29-22-23-26-27-28-30-31-33-34-156-40-39-38-35-36-157-41-155-42-45-44-46-47-48-168-72-78-82-79-80-81-3-4-5-169-111-13-37-158-32-15-159-16-17-24-25-14-150-161-160-151-152-142-143-144-140-149-148-147-137-136-138-135-139-141-115-116-146-145-112-0
3580

0-1-77-73-170-49-50-51-52-53-43-55-54-58-59-60-68-67-69-167-70-87-86-85-84-71-61-66-63-64-56-57-62-65-88-153-154-89-90-91-94-96-97-98-95-92-93-166-107-106-105-165-163-99-100-102-103-117-118-119-120-121-122-123-162-101-104-114-113-164-127-126-125-129-128-130-131-132-133-134-6-7-8-9-10-76-74-75-11-12-18-19-20-21-29-22-23-26-27-28-30-31-33-34-156-40-39-38-35-36-157-41-155-42-45-44-46-47-48-168-72-78-82-79-80-81-3-4-5-169-111-110-109-108-83-37-158-32-16-17-24-25-150-161-160-151-152-142-143-144-140-141-149-148-147-137-136-138-135-139-14-15-159-13-112-115-116-124-146-145-2-0
3513
