
2265 117 
2348 6 
2174 63
2592 44 
2335 67 
2462 85 
2230 32 
2398 48 
2103 16  0-25-1-9-33-2-43-22-40-47-26-41-42-8-11-37-38-46-36-35-14-45-39-21-20-19-44-15-16-18-17-13-34-23-12-32-7-31-4-3-27-28-24-29-30-5-6-10-0
2391 78 

0-25-1-9-33-27-2-28-3-24-4-29-30-7-31-5-6-8-11-18-13-34-35-14-15-16-45-39-19-44-21-47-26-42-22-41-43-40-20-37-38-17-46-36-23-12-32-10-0
1976

0-25-37-38-18-46-36-14-35-15-16-45-39-19-44-21-20-17-13-34-23-12-32-7-31-5-3-24-4-29-30-6-10-11-8-9-33-27-28-2-41-43-42-22-40-47-26-1-0
1842

0-25-1-9-33-27-2-41-43-22-20-38-37-18-17-12-32-7-23-34-13-46-36-14-35-15-16-45-39-19-44-21-40-47-26-42-28-3-24-4-29-30-5-31-6-8-11-10-0
1776
