
2321 45 
2056 9 
2200 110 
2376 78 
2303 34 
2035 7
2263 69 
2305 108 
2033 2  0-25-47-26-11-8-9-33-27-28-24-4-29-2-41-43-22-19-44-15-16-45-20-38-37-39-21-40-42-1-18-17-13-34-46-36-14-35-23-12-32-7-31-30-5-3-6-10-0
2207 43 

0-25-37-18-17-12-32-6-3-24-4-29-30-5-31-7-23-34-13-46-36-14-35-15-16-45-39-19-44-21-40-47-26-1-10-11-8-9-33-27-28-2-41-43-42-22-20-38-0
1787

0-25-47-26-1-9-33-27-28-2-41-43-42-22-19-44-15-16-45-39-21-40-20-37-38-18-17-34-13-46-36-14-35-23-12-32-7-31-30-5-6-24-4-29-3-8-11-10-0
1782

0-25-1-9-33-27-2-41-43-22-20-38-37-18-17-12-32-7-23-34-13-46-36-14-35-15-16-45-39-19-44-21-40-47-26-42-28-3-24-4-29-30-31-5-6-8-11-10-0
1776
