
2748 347 
2731 302 
2694 236 
2743 131 
2699 166 
2771 249 
2736 128 
2820 292 
2703 351 
2646 228 0-248-244-80-50-56-178-100-44-140-170-334-159-323-73-32-274-272-41-304-5-110-254-223-29-307-143-284-290-397-260-65-87-190-138-266-125-74-305-296-367-75-233-380-372-28-399-297-195-402-287-46-262-261-139-163-25-208-232-206-30-375-191-64-365-366-292-343-217-203-234-228-286-273-257-79-69-374-363-362-88-38-144-164-3-270-156-325-97-166-67-338-373-355-265-326-301-351-293-181-346-94-130-103-157-1-188-299-298-182-313-20-62-13-288-230-382-179-368-68-42-337-283-8-354-342-377-318-383-34-194-324-381-91-66-60-98-123-192-155-7-198-237-398-396-61-281-128-255-360-52-401-309-177-268-16-322-83-218-384-127-207-45-388-348-329-294-332-215-216-200-238-229-393-124-339-376-245-193-276-49-37-105-391-387-349-214-109-275-147-43-102-93-9-84-370-358-184-4-40-263-126-221-199-169-27-369-187-131-331-378-18-161-148-390-137-36-171-63-71-201-89-76-85-33-99-389-186-53-6-129-316-204-235-121-86-11-224-252-371-357-330-180-165-162-48-47-308-394-225-133-122-119-319-333-267-395-335-251-111-340-142-81-22-21-24-54-149-146-320-209-356-19-135-280-12-336-321-379-104-236-227-205-315-345-173-400-141-116-90-72-150-145-202-385-300-114-96-189-312-35-174-185-361-51-259-95-10-160-15-246-220-197-58-277-352-82-247-249-183-17-279-108-120-392-256-153-310-115-151-101-92-347-39-264-113-107-386-2-176-31-344-211-154-239-117-240-219-158-269-77-258-106-359-23-14-353-341-136-231-243-314-59-302-118-222-250-167-311-55-172-26-364-303-57-132-212-152-271-350-134-306-168-241-112-328-327-175-291-289-213-278-78-226-210-242-70-295-285-282-317-253-196-0

0-372-356-47-128-301-120-116-314-59-284-329-213-28-401-344-158-269-186-53-214-333-267-281-251-113-293-184-4-155-323-73-132-243-87-56-402-287-350-188-299-298-291-204-103-135-270-193-253-142-124-1-170-334-237-140-40-263-183-17-279-137-13-205-289-97-149-347-341-304-260-201-118-318-383-349-52-171-63-57-388-348-290-236-227-212-180-359-131-206-30-245-169-27-114-62-230-382-381-176-156-210-130-133-398-396-317-134-288-88-139-231-306-29-375-371-83-181-346-189-102-268-16-2-386-202-127-192-338-85-276-49-296-160-15-331-368-335-119-400-234-228-377-252-191-211-391-390-307-7-361-51-259-195-280-12-23-393-179-364-303-297-157-339-194-380-315-190-138-224-111-369-175-294-257-166-300-367-75-109-275-154-150-9-79-353-352-182-78-226-258-33-340-218-84-136-58-8-115-106-165-376-240-219-264-274-327-244-80-129-177-373-355-354-3-64-365-242-117-232-141-392-255-248-104-99-67-66-173-6-235-121-328-357-358-38-387-203-295-286-273-272-278-337-161-148-147-77-31-216-200-266-311-10-43-34-74-305-215-309-374-363-362-254-223-168-32-330-343-90-72-122-126-271-107-61-370-322-239-70-178-100-98-316-256-82-247-249-360-96-94-312-35-308-394-108-351-395-172-26-95-55-246-24-207-45-14-69-68-153-76-86-310-319-174-250-220-197-332-37-36-221-389-187-217-145-152-11-93-384-50-397-5-81-342-18-164-25-233-324-320-366-292-91-123-399-71-209-41-241-112-92-146-144-163-22-21-167-54-336-321-379-208-283-277-39-285-282-46-345-378-198-313-143-110-265-326-325-238-229-225-222-185-65-302-89-262-261-162-48-105-19-385-199-125-60-44-151-101-159-20-42-196-0
2571

0-373-23-225-179-368-126-334-169-27-152-310-6-108-351-107-386-2-195-280-12-140-399-377-32-274-105-391-210-385-389-193-374-363-315-160-3-102-103-397-5-188-215-305-296-181-346-189-58-8-52-40-263-65-43-84-327-242-70-166-199-93-349-319-208-361-347-39-331-20-376-68-91-401-216-200-398-33-165-202-78-382-320-176-31-168-109-275-258-158-339-252-371-293-182-231-205-204-332-299-49-60-44-77-156-147-149-51-298-159-323-73-153-76-246-276-259-248-348-329-294-272-356-38-236-227-212-178-138-224-311-10-345-173-400-211-180-369-139-4-333-267-257-372-41-161-148-154-241-112-47-330-343-218-384-312-26-314-11-284-177-253-254-223-115-94-251-113-395-110-265-326-390-162-48-375-191-187-360-353-341-95-55-124-269-86-59-235-121-230-226-325-85-301-249-111-359-233-380-362-304-260-92-146-381-163-365-50-172-35-313-7-366-292-290-206-30-131-355-354-342-337-79-96-66-37-308-394-393-238-229-14-128-234-228-57-164-25-392-120-97-186-53-344-171-63-198-387-42-222-185-125-74-214-127-396-370-358-281-388-167-175-291-379-213-28-114-69-87-56-268-16-157-1-150-34-364-303-122-64-15-307-143-88-62-54-217-145-81-22-21-82-256-244-117-209-278-266-367-75-316-255-142-99-67-338-137-36-123-192-136-61-350-283-277-352-24-13-288-247-239-80-119-309-151-101-201-383-203-295-141-116-184-335-90-72-71-130-207-45-285-282-83-135-270-19-297-194-324-144-129-190-100-98-132-306-29-232-302-118-262-261-245-174-250-286-273-220-197-104-9-221-300-336-321-289-133-402-287-357-328-317-106-340-170-271-240-219-318-89-155-378-18-183-17-279-237-134-243-264-322-46-196-0
2552

0-333-267-46-23-14-62-13-205-204-24-36-32-274-83-33-376-68-38-270-19-18-42-402-287-107-61-257-43-34-295-50-308-394-225-58-8-6-64-3-2-386-47-112-322-272-28-335-311-10-126-55-151-76-152-310-29-304-260-387-84-281-77-31-52-40-39-78-226-147-79-69-245-81-22-21-82-247-249-167-54-164-15-195-312-35-172-26-86-101-367-75-360-96-66-60-44-242-70-142-67-94-88-353-263-90-72-57-163-25-92-51-49-37-316-120-392-351-293-133-1-201-89-93-145-160-365-91-165-95-364-303-71-193-244-217-349-73-99-389-187-180-369-131-355-115-114-102-372-41-65-262-261-374-278-122-119-168-103-397-5-239-117-209-356-211-251-113-317-104-384-383-238-146-144-105-391-154-106-340-253-157-339-307-143-213-363-289-108-255-182-382-212-109-265-275-210-110-326-258-111-359-254-223-214-192-189-162-48-358-327-124-284-290-125-74-216-200-198-313-323-305-215-309-128-234-228-224-129-130-285-282-357-233-380-362-235-121-264-328-395-132-243-175-291-315-161-148-325-134-306-319-135-280-279-136-137-332-296-179-368-366-292-329-294-170-334-230-227-381-345-173-344-141-116-221-276-259-361-229-393-283-277-352-149-347-401-354-342-266-150-203-140-11-202-385-300-237-220-197-286-273-350-178-138-297-248-171-63-337-268-16-176-156-390-153-20-181-346-338-155-378-398-396-370-194-324-320-302-118-241-330-343-159-7-388-348-331-271-127-375-371-183-17-12-97-87-56-123-399-377-158-269-186-53-400-166-199-208-169-27-341-177-174-250-85-184-4-188-299-298-190-100-98-232-314-59-206-30-207-45-222-185-231-288-240-219-236-246-80-252-191-301-256-218-9-318-336-321-379-373-139-196-0
2534

0-333-267-46-23-14-62-13-205-204-24-36-32-274-83-208-129-33-376-68-150-9-38-270-19-18-42-402-287-107-61-257-43-34-295-50-56-312-394-225-58-8-6-64-3-2-386-47-112-251-322-272-28-86-11-177-95-55-140-314-59-151-101-367-310-29-220-197-387-84-281-77-31-52-40-39-78-226-147-79-69-245-81-22-21-82-247-249-308-5-311-27-158-1-206-30-360-96-66-60-44-87-97-103-166-67-94-88-353-263-90-72-57-92-51-49-37-316-256-301-120-392-351-293-93-145-165-179-303-71-217-349-73-99-389-187-184-4-139-174-185-131-355-115-114-244-80-313-7-304-35-318-302-89-201-118-102-213-278-122-119-168-91-372-356-328-317-104-384-383-361-146-144-105-391-154-106-340-209-41-374-363-289-108-255-109-265-275-210-110-326-258-111-369-232-254-223-214-192-189-162-48-358-327-124-284-290-125-74-216-200-198-126-10-307-323-305-215-309-127-252-191-234-228-224-262-261-169-271-350-385-199-130-285-282-357-235-121-132-288-175-291-315-157-339-335-161-148-325-134-306-319-135-280-279-136-137-336-292-329-294-236-227-381-345-173-344-141-15-142-238-229-393-149-347-401-354-342-266-286-296-332-273-370-241-113-190-100-98-178-138-297-283-277-341-164-116-171-63-337-152-76-186-53-400-176-156-390-153-75-181-346-338-155-143-331-378-398-396-195-233-324-212-230-382-320-264-330-343-388-348-160-25-364-368-268-16-183-17-12-128-207-45-352-163-365-167-54-366-321-379-170-334-133-269-180-359-172-26-246-188-299-259-182-194-380-362-159-20-123-399-377-222-250-231-243-240-219-218-203-211-237-85-276-298-239-70-221-300-242-117-253-65-193-248-202-375-371-395-397-260-373-196-0
2525

0-206-267-46-23-14-62-13-205-204-24-36-95-334-32-274-83-33-376-68-38-270-19-18-42-402-287-107-61-257-43-34-295-50-56-103-308-394-225-58-8-6-64-3-2-386-47-112-397-5-286-273-370-322-272-28-102-314-11-152-310-29-220-84-281-77-31-52-40-39-78-226-147-79-69-245-81-22-21-82-247-231-288-86-101-153-75-126-27-131-164-15-360-96-66-60-44-87-385-67-94-88-353-263-177-90-72-57-160-25-141-116-232-201-89-140-92-51-49-37-65-301-120-392-351-293-93-145-364-303-71-150-349-73-99-389-187-373-355-115-114-304-260-313-20-302-118-372-278-122-119-168-182-240-219-242-117-213-356-123-318-179-368-251-328-317-104-203-387-384-383-238-146-144-105-391-154-235-113-106-340-163-365-158-339-374-363-289-108-255-109-275-210-110-265-326-258-91-359-254-223-214-192-189-162-48-124-284-290-125-74-216-200-198-307-323-305-215-309-127-191-237-234-228-224-129-130-285-282-357-358-395-132-243-175-291-315-133-1-85-333-30-161-148-325-134-306-319-135-280-279-217-9-312-35-172-26-194-324-320-202-139-4-336-292-329-294-236-227-381-253-268-16-188-299-259-142-248-348-361-229-393-283-277-352-149-347-401-354-342-266-218-197-166-300-97-178-138-297-151-59-111-369-221-199-335-128-208-276-298-171-63-337-230-382-212-176-156-390-311-55-155-7-331-378-398-396-366-321-362-157-269-169-10-170-271-327-233-380-379-195-241-330-343-239-70-345-173-344-332-296-167-174-185-136-193-211-262-261-207-45-375-371-350-252-399-377-180-165-183-17-12-190-100-98-209-41-222-250-246-244-80-264-121-159-143-316-256-249-137-54-367-76-341-186-53-400-181-346-338-388-184-196-0
2513
