
2751 324 
2810 344 
2822 317 
2713 334 
2790 354 
2770 348 
2760 356 
2709 317 0-377-171-63-78-382-381-318-160-15-18-211-123-192-338-142-128-255-136-327-262-261-180-165-129-188-299-74-214-241-112-322-83-135-270-166-199-105-391-258-207-45-134-288-144-201-89-114-163-3-358-357-316-249-312-35-285-282-317-87-56-158-269-221-300-242-117-122-40-39-162-48-2-61-107-133-252-191-187-375-371-395-194-380-204-186-53-305-215-174-250-170-284-343-239-70-141-127-396-313-378-337-169-27-11-189-254-223-58-8-216-342-132-306-319-103-246-159-7-225-167-13-233-324-320-374-363-315-24-36-150-145-94-236-227-108-351-370-328-153-75-182-367-76-149-347-263-130-23-393-93-9-175-294-46-176-147-222-185-253-397-260-179-368-177-372-278-297-126-55-401-400-231-205-289-202-97-195-280-279-230-226-154-217-203-178-138-33-376-264-345-276-298-291-379-140-119-309-106-359-38-81-22-21-218-349-29-190-100-77-156-210-91-248-79-353-341-90-72-398-64-365-301-120-116-402-287-272-41-206-30-245-43-84-281-139-168-42-232-172-26-314-59-220-197-384-383-193-333-267-293-157-82-247-50-65-307-20-57-183-17-125-60-44-308-394-14-96-124-1-286-273-274-350-151-101-336-321-362-234-228-238-229-131-355-344-104-240-219-47-113-364-303-198-99-389-332-296-295-111-369-237-354-200-224-161-148-32-19-266-110-326-31-115-152-310-6-335-213-356-386-243-390-331-323-92-146-212-137-302-118-388-348-12-86-271-257-109-244-80-339-283-277-352-209-28-181-346-366-292-290-304-5-37-54-102-265-275-325-184-4-95-10-164-25-340-235-121-98-85-361-51-49-392-256-387-34-360-62-88-69-385-67-66-259-251-330-329-173-73-208-268-16-311-334-68-373-52-155-143-399-71-196-0
2827 332 
2773 349 
