
7650 15 
7074 117 
7988 59 
7369 15 
7228 127 
7011 16 
7302 22 0-4-133-6-151-8-5-169-69-86-166-107-105-83-38-37-49-170-168-72-78-60-65-153-87-94-99-100-120-145-143-152-46-47-48-61-66-63-56-155-34-35-36-157-33-156-40-51-52-43-55-53-39-25-150-160-14-15-159-16-29-30-28-24-161-142-91-154-89-90-101-118-119-124-146-140-141-126-125-136-147-137-138-139-21-44-45-54-58-59-50-73-75-11-10-76-74-12-31-41-42-64-88-104-115-116-117-103-113-134-7-9-2-82-68-70-85-71-3-149-148-144-131-132-84-67-167-92-102-162-123-122-121-129-128-130-80-79-81-111-112-110-109-106-97-95-165-135-13-32-158-17-18-19-20-22-23-26-27-57-62-96-114-164-127-163-98-93-108-77-1-0
7175 238 
7161 109 
7791 124 
