
2748 347 
2731 302 
2694 236 
2743 131 
2699 166 
2771 249 
2736 128 
2820 292 
2703 351 
2646 228 0-248-244-80-50-56-178-100-44-140-170-334-159-323-73-32-274-272-41-304-5-110-254-223-29-307-143-284-290-397-260-65-87-190-138-266-125-74-305-296-367-75-233-380-372-28-399-297-195-402-287-46-262-261-139-163-25-208-232-206-30-375-191-64-365-366-292-343-217-203-234-228-286-273-257-79-69-374-363-362-88-38-144-164-3-270-156-325-97-166-67-338-373-355-265-326-301-351-293-181-346-94-130-103-157-1-188-299-298-182-313-20-62-13-288-230-382-179-368-68-42-337-283-8-354-342-377-318-383-34-194-324-381-91-66-60-98-123-192-155-7-198-237-398-396-61-281-128-255-360-52-401-309-177-268-16-322-83-218-384-127-207-45-388-348-329-294-332-215-216-200-238-229-393-124-339-376-245-193-276-49-37-105-391-387-349-214-109-275-147-43-102-93-9-84-370-358-184-4-40-263-126-221-199-169-27-369-187-131-331-378-18-161-148-390-137-36-171-63-71-201-89-76-85-33-99-389-186-53-6-129-316-204-235-121-86-11-224-252-371-357-330-180-165-162-48-47-308-394-225-133-122-119-319-333-267-395-335-251-111-340-142-81-22-21-24-54-149-146-320-209-356-19-135-280-12-336-321-379-104-236-227-205-315-345-173-400-141-116-90-72-150-145-202-385-300-114-96-189-312-35-174-185-361-51-259-95-10-160-15-246-220-197-58-277-352-82-247-249-183-17-279-108-120-392-256-153-310-115-151-101-92-347-39-264-113-107-386-2-176-31-344-211-154-239-117-240-219-158-269-77-258-106-359-23-14-353-341-136-231-243-314-59-302-118-222-250-167-311-55-172-26-364-303-57-132-212-152-271-350-134-306-168-241-112-328-327-175-291-289-213-278-78-226-210-242-70-295-285-282-317-253-196-0
